100
100
3 42
11 11
8
1
7
19.93469439531252 96
29.869905437209702 96
33.66838073634443 93.92546746775247
36.85355611269319 86.19664071013631
5.053985692526929 96
36.952648477691 95.62509876231266
12.351549832765212 43.09371234088434
2
5
37.36007505506631 66.55083314040141
49.36778170274976 69.08857472399771
43.679756079759386 65.62142566627294
18.795229329849985 53.56012579515205
31.378826869142806 47.83042482161258
3
4
5.148086336368422 81.12679404840935
30.379292238572944 43.545493043726836
60.993005684909505 96
51.70708782043396 96
4
7
73.32782982279332 5.553122733412465
57.97983305242144 17.07366395345541
78.38068020473918 12.17372882494666
50.14862062197389 58.8171801175847
35.20348044011456 24.02775097273004
59.486471672325685 36.28436921745533
51.036883483664255 70.81429802900804
5
5
96 53.805703357909
96 44.90362856000412
96 85.27487995962822
96 70.73109692358247
71.71026989659251 58.19057869669962
6
7
16.141863555188237 57.572964376443586
3.6419183739347556 56.599673101879276
6.6285752888271965 50.363100325579076
10.692023312712017 58.11866995252586
7.620699190805578 49.613079113898856
4.018051445385147 66.07417978657284
5.840245006858627 67.67316250959585
7
6
4.417191514203083 40.256112416053405
7.071877372283541 39.68173253620468
4.581381661389019 39.20711703064481
5.208620165981026 39.4476088667507
5.014983300050962 41.99457139975056
4.982800131731017 41.16523359829019
8
7
30.57211934906293 3.4182620706071045
30.963222404449354 11.334085705505323
30.599125864875816 8.160699584330512
22.2165099375435 3.48150702616077
24.217601887276082 12.790071258852358
15.98101229492675 14.326109273085528
13.682440620443627 7.584896947549492